.125
.1406
.125
.125
.125
.125
.1094
.1094
.125
.125
.125
.125
.125
.125
.125
.1094
.125
.125
.125
.1094
.125
.125
.125
.125
.1406
.1406
.1406
.1406
.1406
.1406
.1406
.125
.125
.125
.125
.125
.1406
.1406
.1406
.1406
.125
.1406
.1406
.125
.125
.1406
.1406
.125
.1094
.1094
.125
.1406
.125
.125
.125
.1094
.125
.125
.1094
.1094
.125
.1094
.1094
.1094
.1094
.1094
.1094
.1094
.1094
.125
.125
.125
.1094
.1094
.1094
.1094
.1094
.1094
.1094
.1094
.1094
.1094
.125
.1094
.125
.125
.125
.125
.125
.1406
.1406
.1406
.1406
.1406
.125
.125
.1406
.1406
.125
.1406
.125
.125
.1406
.1406
.1406
.1406
.125
.1406
.125
.125
.1406
.1406
.1406
.1406
.1406
.1406
.1563
.1406
.1406
.1563
.1563
.1563
.1719
.1719
.1719
.1719
.1875
.1875
.1719
.1719
.1719
.1719
.1563
.1563
.1719
.1719
.1563
.125
.125
.1406
.125
.1094
.0781
.0938
.0938
.125
.125
.125
.125
.125
.125
.1094
.1094
.1094
.1094
.125
.125
.1094
.1094
.1094
.1094
.1094
.1094
.1094
.1094
.125
.1094
.1094
.1094
.1094
.1094
.1094
.125
.125
.1406
.1406
.1406
.1563
.1563
.1406
.1563
.1406
.1563
.1719
.1563
.1563
.1406
.1563
.1563
.1563
.1563
.1563
.1563
.1406
.1406
.1406
.1406
.125
.1406
.1406
.125
.125
.125
.1406
.1406
.125
.1406
.1406
.1406
.1406
.1406
.125
.1406
.125
.125
.1406
.1406
.1406
.1406
.1563
.1563
.1563
.1563
.1563
.1406
.1563
.1563
.1563
.1563
.1563
.1563
.1563
.1563
.1563
.1719
.1719
.1563
.1719
.1719
.1719
.1719
.1719
.1875
.1719
.1563
.1719
.1563
.1719
.1719
.1719
.1563
.1719
.1719
.1719
.1719
.1563
.1563
.1719
.1719
.1719
.1563
.1563
.1563
.1563
.1563
.1563
.1563
.1563
.1719
.1563
.1719
.1719
.1719
.1719
.1875
.1719
.1719
.1719
.1719
.1563
.1563
.1719
.1719
.1719
.1563
.1719
.1563
.1563
.1563
.1719
.1563
.1563
.1719
.1719
.1875
.1875
.1875
.1875
.1875
.2031
.1875
.2031
.2031
.1875
.1875
.1875
.1875
.1875
.1875
.1875
.1875
.2031
.2031
.2031
.2031
.2031
.2188
.2188
.2344
.2188
.2031
.2031
.2188
.2188
.2031
.2031
.2031
.1875
.1875
.2031
.1875
.2031
.1875
.1875
.1875
.2031
.2031
.2031
.2031
.1875
.2031
.1875
.1719
.1875
.1875
.1719
.1875
.1875
.1875
.1875
.1875
.1719
.1875
.1875
.2031
.2031
.2031
.1875
.1875
.1875
.1875
.1875
.2031
.2031
.2031
.2031
.2031
.1875
.2031
.1875
.1875
.2031
.2031
.2031
.1875
.2031
.1875
.2031
.2031
.2031
.2031
.1875
.1875
.1875
.1875
.1875
.1875
.1875
.1719
.1875
.1875
.1875
.1875
.1719
.1719
.1563
.1719
.1563
.1563
.1563
.1563
.1563
.1719
.1719
.1563
.1719
.1719
.1719
.1719
.1719
.1719
.1563
.1719
.1719
.1719
.1719
.1719
.1719
.1719
.1875
.1719
.1719
.1875
.1875
.1875
.2031
.1875
.1875
.1875
.1875
.1875
.1875
.1875
.1875
.1875
.1875
.2031
.2031
.1875
.1875
.2031
.2031
.1875
.2031
.2188
.2031
.2031
.2031
.2031
.2188
.2031
.2188
.2031
.2188
.2188
.2344
.2344
.2344
.2344
.2344
.25
.2344
.2344
.25
.2344
.2344
.2344
.25
.2344
.2344
.2344
.2344
.2344
.2344
.25
.2344
.2344
.2188
.2344
.2344
.2344
.2188
.2344
.2344
.25
.25
.25
.25
.25
.25
.25
.25
.25
.25
.2344
.2344
.2344
.2188
.2188
.2344
.2188
.25
.25
.25
.25
.2344
.25
.25
.25
.25
.2656
.2656
.25
.2813
.2656
.2813
.2813
.2813
.2969
.2813
.2969
.2813
.2969
.2969
.2813
.2813
.2656
.2813
.2813
.2969
.2969
.2813
.2656
.2813
.2813
.2813
.2813
.2969
.2969
.2969
.2969
.2813
.2969
.2969
.2969
.3125
.3125
.3281
.3125
.2969
.3125
.3281
.3281
.3281
.3281
.3281
.3125
.3281
.3125
.2969
.3125
.3125
.3281
.3281
.3438
.3125
.3125
.2969
.3125
.3125
.3125
.3281
.3438
.3438
.3281
.3281
.3281
.3281
.3281
.3438
.3125
.3281
.3125
.3125
.3281
.3281
.3125
.3125
.2969
.3125
.3281
.3438
.3594
.375
.3594
.3594
.3594
.3438
.3594
.3438
.3594
.3594
.3594
.3594
.3594
.375
.375
.3906
.3594
.375
.375
.375
.375
.375
.375
.375
.375
.3906
.4063
.4063
.4219
.4063
.4063
.4219
.4375
.4531
.4531
.4375
.4531
.4688
.4688
.4844
.4844
.4844
.4844
.4844
.5156
.5
.5
.5
.4688
.4844
.5
.5
.5156
.5
.5156
.5156
.5156
.4844
.4531
.4375
.4688
.4844
.4531
.4688
.4375
.4531
.4688
.4688
.4688
.4844
.4844
.5
.4844
.5
.4844
.4531
.4688
.4844
.4688
.4688
.4688
.4844
.4844
.5
.5
.4844
.4844
.4688
.4688
.4531
.4531
.4375
.4219
.4219
.4219
.4375
.4531
.4688
.4688
.4688
.4531
.4688
.4844
.4219
.4531
.4219
.4375
.4063
.3906
.3906
.375
.375
.3906
.4063
.4219
.4063
.3906
.375
.4063
.4063
.4063
.4219
.4063
.4375
.4219
.4219
.4063
.3906
.4375
.4375
.4531
.4531
.4688
.4688
.4844
.4531
.4375
.4531
.4531
.4375
.4375
.4531
.4375
.4531
.4688
.4844
.4844
.4688
.4844
.4844
.5
.5156
.5156
.5156
.5313
.5625
.5313
.5313
.5
.5
.5
.5156
.3594
.375
.3906
.3906
.375
.3438
.3281
.3438
.3438
.3281
.3281
.3281
.3438
.3281
.3281
.3125
.3281
.3281
.3281
.3281
.3125
.3281
.2969
.3281
.3438
.3594
.375
.3594
.3594
.3594
.3594
.375
.375
.375
.3594
.3594
.375
.375
.4063
.3906
.375
.4063
.3906
.4063
.4063
.4219
.4063
.4219
.4063
.4063
.4219
.4219
.4219
.4531
.4531
.4531
.4688
.4531
.4531
.4375
.4531
.4375
.4531
.4688
.4688
.4688
.4531
.4531
.4531
.4219
.4531
.3906
.375
.375
.375
.3438
.3594
.3594
.3594
.3438
.3438
.3594
.3438
.3438
.3438
.3438
.3438
.3281
.3281
.2969
.2969
.3281
.3125
.2969
.3125
.2969
.3125
.3125
.2969
.2656
.2813
.2656
.2656
.2656
.2969
.25
.2344
.2188
.2344
.2188
.2188
.1563
.1719
.1719
.1719
.1719
.1563
.1563
.1406
.1406
.1563
.1406
.1563
.1406
.1563
.125
.1094
.1406
.1406
.125
.1094
.125
.1406
.1406
.1406
.125
.125
.1094
.125
.125
.125
.1406
.1406
.125
.125
.125
.1094
.1094
.1094
.1094
.1094
.125
.1094
.125
.125
.1094
.125
.125
.125
.125
.125
.1406
.1406
.1406
.125
.125
.125
.125
.125
.1406
.1563
.1563
.1719
.1719
.1563
.1563
.1563
.1719
.1563
.1563
.1563
.1563
.1563
.1563
.1563
.1563
.1719
.1719
.1563
.1563
.1719
.1563
.1719
.1406
.1406
.1406
.1406
.1406
.125
.125
.125
.125
.1406
.1094
.1094
.125
.125
.125
.1406
.1563
.1719
.1875
.1875
.1875
.1719
.1875
.1875
.2031
.2031
.2031
.2031
.1875
.2031
.1875
.1875
.1875
.1875
.1875
.1719
.1875
.1875
.2031
.1875
.1719
.1719
.1875
.2031
.1875
.1719
.1719
.1719
.1875
.2031
.1875
.1875
.1719
.1875
.1719
.1875
.1875
.1875
.1719
.1875
.1875
.2188
.2188
.2188
.2188
.2188
.2031
.2188
.2188
.2188
.2188
.2188
.2188
.2188
.2031
.2188
.2188
.2188
.2031
.2031
.1875
.1875
.1875
.2031
.1875
.1875
.1719
.1875
.1875
.1875
.1719
.1719
.1719
.1719
.1719
.1406
.1563
.1719
.1563
.1719
.1719
.1563
.1563
.1563
.1719
.2031
.2031
.2031
.1875
.1875
.1875
.1875
.1875
.1875
.1875
.1719
.1719
.1719
.1719
.1563
.1719
.1719
.1719
.1719
.1719
.1719
.1719
.1719
.1875
.1875
.1719
.1875
.1875
.1719
.1875
.1875
.1875
.1719
.1875
.1875
.1875
.1875
.1875
.1875
.1875
.1875
.1875
.1875
.1875
.1875
.2031
.2031
.2188
.2188
.2031
.2188
.2031
.2031
.1875
.1875
.2188
.2031
.2031
.2031
.2031
.2188
.2344
.2344
.2188
.2188
.2188
.2188
.2188
.2031
.2188
.2344
.2188
.2188
.2188
.2188
.2188
.2188
.2188
.2344
.2813
.2656
.2656
.2656
.2813
.2969
.2813
.2813
.2656
.2813
.2656
.2813
.2813
.2813
.2813
.2969
.2813
.2813
.2969
.2969
.3125
.3125
.3125
.3125
.3125
.3281
.3125
.3281
.3125
.3125
.3125
.3125
.3125
.3281
.3125
.3125
.2969
.2813
.3125
.2969
.2969
.2969
.2969
.2813
.2813
.2656
.2656
.2969
.25
.25
.25
.25
.25
.25
.25
.25
.2656
.2656
.2656
.2813
.2656
.25
.2656
.2656
.2813
.2813
.2813
.2969
.2969
.3125
.3125
.3125
.3438
.3594
.3594
.3594
.3594
.375
.3594
.3594
.375
.375
.3906
.375
.375
.375
.375
.375
.3906
.375
.375
.4063
.4063
.4063
.3906
.4063
.4063
.4219
.4219
.4063
.3906
.3906
.4219
.4063
.4063
.3906
.4219
.4063
.4063
.3906
.4063
.3906
.3906
.3906
.3438
.3438
.3438
.3438
.3438
.3438
.3438
.3438
.3125
.3281
.3281
.3438
.2969
.2969
.2813
.2813
.2656
.2813
.2813
.2813
.2813
.2656
.25
.2813
.2656
.2656
.2813
.2813
.2813
.2813
.2813
.2813
.2656
.2656
.2656
.25
.2813
.2813
.2813
.2969
.3281
.3125
.3125
.3125
.3125
.3125
.2969
.2969
.3125
.2969
.2969
.3125
.2969
.2969
.2813
.2969
.2969
.2969
.2969
.3125
.3125
.3125
.3125
.3125
.2969
.2969
.3125
.3125
.3438
.3281
.3125
.3125
.3281
.3281
.3125
.2969
.2969
.2813
.3125
.2969
.3594
.3438
.3438
.3281
.3281
.3438
.3594
.3594
.3594
.375
.3906
.375
.375
.375
.375
.375
.375
.375
.3594
.3438
.375
.375
.375
.375
.375
.3594
.3594
.3438
.3438
.3594
.3594
.3594
.3594
.3438
.3438
.3594
.3594
.3281
.3438
.3438
.3594
.3438
.3594
.375
.375
.375
.375
.375
.3906
.3906
.3906
.4219
.4063
.3906
.4063
.4063
.3906
.4063
.4063
.4063
.375
.3906
.4063
.4063
.3906
.3906
.375
.4063
.3906
.3906
.375
.4063
.4063
.3906
.4063
.4219
.4531
.4531
.4531
.4531
.4688
.4531
.4375
.4375
.4531
.4375
.4531
.4375
.4375
.4688
.4844
.4688
.4844
.4844
.4688
.4688
.4375
.4063
.4375
.4531
.4375
.4219
.4375
.4063
.4219
.4531
.4531
.4375
.4531
.4688
.4844
.4688
.4531
.4688
.4375
.4219
.4063
.4219
.4219
.4063
.4063
.3906
.5625
.5625
.5625
.5625
.5625
.5625
.5781
.5938
.6094
.6094
.5938
.5938
.5781
.5938
.6094
.5938
.5625
.5781
.5938
.6406
.6719
.7031
.7031
.6563
.6563
.6406
.6719
.6563
.6719
.6563
.6406
.625
.5938
.625
.6094
.5938
.5625
.5781
.5938
.6094
.5938
.5938
.6406
.6563
.6563
.625
.6406
.6719
.6563
.6875
.6875
.6719
.6719
.7031
.6875
.7188
.7031
.6875
.7031
.6875
.7031
.6875
.7188
.7344
.7344
.7188
.7344
.7344
.7344
.6875
.7031
.6875
.7188
.7188
.7188
.6875
.6875
.6875
.6563
.6563
.6719
.6719
.7031
.6719
.6563
.6719
.6875
.7031
.7188
.7344
.7656
.7656
.7813
.7969
.7813
.7969
.7969
.75
.7813
.7969
.8125
.8594
.875
.8438
.8438
.8281
.8594
.8594
.8281
.8906
.8906
.9063
.875
.8281
.8125
.8281
.8125
.8594
.8906
.875
.875
.875
.8594
.8594
.875
.8594
.875
.9219
.9688
.9219
.9844
1
1
.9844
.9531
.9688
.9688
1
1.0156
1
.9844
.9219
.9219
.9688
.9844
.9844
1
1.0313
1.0313
1.0156
1.0313
1
1.0313
1.0313
1.0313
1.0625
1.0625
1.0313
1.0156
1.0313
1.0313
1
1.0469
1.0625
1.0781
1.0469
1.0625
1.0938
1.125
1.0781
1
1
1
1.0313
1.0625
1.0469
1.0625
1.0156
1.0156
1.0156
1.0156
.9844
.9688
1.0156
1.0156
1.0469
1.0938
1.0938
1.1719
1.1875
1.1875
1.2031
1.2188
1.25
1.2188
1.2031
1.1875
1.1563
1.1719
1.1719
1.1875
1.2188
1.25
1.2656
1.2656
1.2656
1.2813
1.2188
1.2188
1.2188
1.2031
1.1875
1.1719
1.1875
1.1563
1.1719
1.1875
1.2031
1.1719
1.1094
1.1719
1.2188
1.2031
1.25
1.2813
1.25
1.25
1.2969
1.25
1.2656
1.2188
1.1875
1.25
1.2656
1.2656
1.2188
1.2656
1.2969
1.3438
1.3906
1.4063
1.4375
1.5
1.4375
1.4219
1.4375
1.375
1.3438
1.4063
1.375
1.3906
1.4219
1.2344
1.2188
1.1875
1.1563
1.1719
1.1563
1.1406
1.125
1.2031
1.2344
1.2813
1.2656
1.3125
1.3906
1.3906
1.2813
1.3125
1.3438
1.3281
1.2969
1.3438
1.3438
1.3281
1.2969
1.3281
1.3438
1.2969
1.2656
1.2656
1.3125
1.2969
1.2344
1.2813
1.2969
1.2813
1.2813
1.2656
1.2969
1.3281
1.375
1.3438
1.3594
1.3594
1.3281
1.2813
1.2813
1.3125
1.3281
1.3438
1.375
1.3438
1.4063
1.375
1.375
1.3594
1.375
1.4063
1.3438
1.3281
1.375
1.375
1.3594
1.3125
1.4063
1.3594
1.3125
1.2813
1.2344
1.2813
1.2813
1.2188
1.3281
1.3125
1.3281
1.2969
1.3438
1.2656
1.1719
1.2031
1.1875
1.1719
1.1094
1.0625
1.2031
1.2031
1.2344
1.1875
1.1875
1.1875
1.2656
1.2188
1.2031
1.1875
1.1875
1.1563
1.2344
1.2188
1.25
1.2344
1.2031
1.1875
1.2188
1.2656
1.2656
1.2813
1.3438
1.3438
1.3594
1.3594
1.3594
1.3906
1.4688
1.5
1.4531
1.4844
1.4375
1.375
1.4531
1.4219
1.4375
1.5
1.4688
1.4375
1.4219
1.4063
1.4531
1.375
1.4531
1.5
1.5156
1.5156
1.4844
1.5156
1.5
1.5
1.5313
1.5
1.5
1.5469
1.5781
1.5313
1.5625
1.5781
1.5313
1.4688
1.4688
1.4531
1.4375
1.4531
1.4219
1.4688
1.5156
1.4688
1.5
1.4844
1.4688
1.4688
1.4688
1.5
1.5313
1.5469
1.5156
1.5313
1.5313
1.5781
1.5938
1.6094
1.5781
1.5625
1.6563
1.7188
1.7344
1.7188
1.7188
1.6875
1.6875
1.6406
1.7031
1.7344
1.7031
1.6875
1.6563
1.7188
1.7344
1.7813
1.75
1.7813
1.75
1.7031
1.7344
1.7188
1.6875
1.7031
1.7031
1.7188
1.7031
1.7344
1.6875
1.7031
1.6563
1.6719
1.6875
1.7656
1.75
1.7656
1.7813
1.8281
1.7969
1.7969
1.7656
1.7813
1.7656
1.75
1.7813
1.75
1.8125
1.8281
1.8125
1.7813
1.75
1.7188
1.7031
1.7813
1.7344
1.7188
1.7031
1.75
1.7656
1.75
1.7188
1.7344
1.6719
1.5781
1.5469
1.625
1.625
1.6875
1.6406
1.625
1.6094
1.625
1.5781
1.5625
1.5156
1.5469
1.5781
1.5781
1.5781
1.5781
1.5313
1.5469
1.5625
1.6875
1.7344
1.7188
1.7813
1.75
1.7969
1.75
1.7031
1.7188
1.6875
1.7031
1.75
1.75
1.7031
1.6875
1.6719
1.6719
1.7188
1.7188
1.7813
1.75
1.7031
1.7031
1.7344
1.7031
1.7031
1.6563
1.6875
1.6875
1.7031
1.75
1.7656
1.75
1.7344
1.7188
1.7656
1.7656
1.75
1.8125
1.8281
1.8125
1.8281
1.875
1.8594
1.8125
1.8125
1.875
1.8594
1.875
1.9531
1.9375
1.9219
1.9375
1.9531
1.9688
1.9688
1.9688
1.9531
1.9844
1.9844
2
2.0313
1.9688
1.8906
1.9063
1.9219
1.9531
1.9063
1.8594
1.8594
1.9219
1.875
1.8594
1.75
1.8281
1.8281
1.8594
1.9063
1.9063
1.8594
1.8281
1.7969
1.7813
1.7813
1.8125
1.7656
1.7188
1.8594
1.8125
1.7969
1.7656
1.875
1.8281
1.8125
1.8438
1.8438
1.8594
1.9219
1.9375
2.0156
2.0469
2.0469
1.9844
2.0313
2
2.0781
2.2344
2.2031
2.1406
2.0313
2.0625
2.125
2.1406
2.1094
2.0625
2.0938
2.125
2.1875
2.2188
2.2188
2.2188
2.2188
2.2344
2.2969
2.3125
2.3125
2.3906
2.3281
2.2656
2.25
2.25
2.2969
2.2969
2.3281
2.2969
2.3438
2.3906
2.4219
2.3125
2.4375
2.4219
2.4219
2.5156
2.375
2.2813
2.2813
2.2813
2.3281
2.3906
2.5156
2.5781
2.5
2.4844
2.4063
2.3594
2.3438
2.4063
2.3906
2.375
2.4375
2.4531
2.4219
2.4844
2.4688
2.5469
2.5625
2.5625
2.5156
2.5469
2.5469
2.5313
2.5469
2.4688
2.4063
2.375
2.3906
2.3281
2.625
2.5781
2.6094
2.6094
2.6875
2.6563
2.7344
2.6563
2.2344
2.375
2.3906
2.3594
2.3125
2.3438
2.3281
2.2813
2.2656
2.3281
2.2813
2.2344
2.2969
2.25
2.2969
2.25
2.1875
2.2031
2.2813
2.3594
2.3438
2.375
2.4219
2.5625
2.6406
2.5313
2.5469
2.5938
2.5469
2.5156
2.5781
2.625
2.5938
2.625
2.7188
2.75
2.6719
2.625
2.6563
2.7969
2.7969
2.7344
2.7188
2.7813
2.8281
2.8594
2.7031
2.7188
2.6563
2.6875
2.7031
2.7969
2.7813
2.6875
2.6563
2.7031
2.6719
2.5938
2.625
2.7813
2.75
2.6406
2.5625
2.4844
2.5781
2.4531
2.6563
2.5469
2.5469
2.6406
2.6406
2.5781
2.5156
2.5156
2.5781
2.4531
2.4219
2.5469
2.5156
2.3906
2.4375
2.4844
2.5313
2.375
2.4844
2.5469
2.6563
2.7031
2.7344
2.75
2.9219
2.8281
2.8125
2.7969
2.8125
2.8438
2.8281
2.9375
3.0156
2.9688
2.9063
2.9844
2.9219
2.9688
2.9844
3.0469
3.1406
3.125
3.0781
3.1563
3.2188
3.1875
3.2188
3.1406
3.125
3.0938
2.9219
2.875
3.0781
2.9531
2.9531
2.7969
2.9688
2.8594
2.9531
2.8594
2.9063
2.9844
2.9688
2.9688
2.8906
2.9063
2.8281
2.8594
2.8594
2.8594
2.7969
2.7813
2.7969
2.7031
2.7031
2.5625
2.4688
2.5781
2.6094
2.6094
2.5781
2.7188
2.7813
2.8281
2.8438
2.9531
3.0313
3.0938
3.0625
3.0469
3.0469
3
3.0469
2.9219
2.9688
3.0469
2.9844
2.9219
3
3.0156
3.1094
3.125
3.0781
3.125
3.125
3.1563
3.1563
3.0313
3.0156
2.9531
2.9531
2.9219
2.9688
2.9531
2.8906
2.9375
3.0313
2.9219
3.0156
2.9531
3.0156
3.0781
3.0625
3.0156
3.0156
2.9844
3.0625
3.1094
3.3906
3.375
3.3906
3.3281
3.5156
3.5156
3.4844
3.4063
3.4063
3.3125
3.3594
3.3438
3.4219
3.3438
3.3125
3.2031
3.2344
3.3438
3.3906
3.3125
3.2969
3.2031
3.25
3.3906
3.4063
3.3594
3.4063
3.4844
3.5
3.5313
3.4375
3.5469
3.7188
3.625
3.6875
3.6719
3.6094
3.625
3.5469
3.5313
3.5313
3.4688
3.375
3.3906
3.4688
3.3906
3.4063
3.3281
3.2344
3.1406
3.3125
3.3594
3.2969
3.3438
3.3438
3.3438
3.2656
3.3438
3.75
3.7031
3.7031
3.8594
3.875
3.9688
3.8125
3.8438
3.8594
3.7656
3.8281
3.7813
3.7969
3.9375
3.9375
4.0313
4.0938
3.9844
3.9219
4
4.0156
4.0469
3.9844
3.9688
3.8906
3.9688
3.8438
3.7344
3.7656
3.8281
3.7656
3.7813
3.6875
3.6563
3.7656
3.9219
3.9844
3.9219
4
4.0156
4.0938
4.0625
4
4.0469
4.2188
4.1875
4.1406
4.1094
4.2656
4.2031
4.4219
4.4219
4.4063
4.375
4.3594
4.4219
4.4219
4.1563
4.1719
4.0625
4.3438
4.3906
4.2656
4.2031
3.9219
3.7969
3.8438
3.7656
3.75
3.8438
3.7656
3.8594
3.9219
3.8125
3.7031
3.7188
3.7344
3.9688
4
3.9844
3.8594
3.7188
3.6406
3.6406
3.8594
3.6719
3.6719
3.7031
3.7969
3.7188
3.7656
3.6094
3.5313
3.3906
3.3438
3.3594
3.3438
3.4688
3.5
3.5625
3.4375
3.5156
3.5625
3.5625
3.4844
3.6875
3.6719
3.6406
3.625
3.6719
3.7188
3.6406
3.5938
3.6406
3.625
3.5625
3.5
3.5
3.5156
3.5469
3.25
3.1875
3.2031
3.1875
3.0313
3.2188
3.6563
3.7344
3.6094
3.5
3.5469
3.5469
3.5469
3.4688
3.6094
3.5
3.4375
3.2969
3.2656
3.4375
3.4688
3.5469
3.5156
3.4219
3.3438
3.25
3.4688
3.3125
3.3438
3.2969
3.2969
3.2188
3.1406
3.3594
3.5156
3.375
3.3906
3.4219
3.5469
3.5938
3.7813
3.9844
3.9063
3.8281
3.9063
3.9063
3.9063
4
3.9531
4.0938
3.9531
3.9375
4.0313
4.1719
4.1563
4.1875
4.2188
4.2031
4.1875
4.1563
4.3594
4.1406
4.1563
4.2344
4.3594
4.3594
4.2344
4.3281
4.4219
4.625
4.6563
4.75
4.4688
4.4063
4.2969
4.2969
4.4688
4.5313
4.5156
4.4844
4.4844
4.3281
4.2813
4.4375
4.3906
4.5313
4.5938
4.6406
4.6563
4.7813
5.0313
5.1094
4.9688
4.9844
4.9063
5.0625
5.0469
4.875
4.875
4.8438
4.8594
4.9375
4.8438
4.8906
5
5.0625
5.1719
5.0625
5.1094
5.0625
5
5.0469
5.1563
4.9531
5.1406
5.4844
5.4688
5.3438
5.4531
5.2969
5.1563
5.125
4.8438
5.0938
5.1875
5.1406
5.2188
5.2656
5.3281
5.3125
5.0625
5.2031
5.1563
5.0781
5.2813
4.8125
4.8906
5
4.9531
4.9844
5.0625
5.1094
5.0156
4.9844
4.8594
4.8125
4.7969
4.9219
4.9531
5.0156
4.9688
4.9688
4.8125
4.8594
4.8125
4.6719
4.5938
4.5625
4.6094
4.7656
4.6719
4.5625
4.5313
4.1406
4.625
4.6875
4.5
4.7813
4.7969
4.9063
4.8594
4.7188
4.6719
4.625
4.6563
4.3438
4.4531
4.5938
4.7031
4.6406
4.6406
4.7031
4.6719
4.3438
4.4688
4.3906
4.4531
4.25
4.0625
4.0469
4.0313
4.1719
4.3281
3.0625
2.9219
3.0469
3.0938
3.1094
3.0156
2.9375
2.8906
2.9063
2.8125
2.8125
2.875
2.9063
3
2.9844
3.0781
3.125
3.0313
2.8125
2.7188
2.5
2.4063
2.5469
2.6094
2.5625
2.5938
2.7031
2.6875
2.6719
2.5938
2.5313
2.5469
2.8281
2.9844
3.1094
3.2969
3.2969
3.2656
3.1875
3.6094
3.6875
3.6406
3.5938
3.5938
3.5156
3.4219
3.4688
3.375
3.3594
3.5156
3.5
3.4844
3.4219
3.2813
3.2188
3.4844
3.4844
3.375
3.5938
3.4219
3.6094
3.7344
3.7031
3.8906
3.9531
3.8438
3.9219
3.9063
3.8594
4.0156
4.0469
4.125
4.2031
4.1406
4.1875
4.2188
4.1875
4.0156
3.75
3.625
3.625
3.6094
3.5938
3.7969
3.8125
3.7656
3.6719
3.6406
3.6719
3.6875
3.6719
3.4844
3.5625
3.5156
3.5
3.5156
3.4531
3.4063
3.5156
3.4531
3.5156
3.4844
3.5938
3.4688
3.4844
3.4688
3.5156
3.4531
3.4375
3.4844
3.3594
3.2813
3.25
3.2031
3.1875
3.2969
3.1563
3.0469
3.2656
3.1406
3.3125
3.4688
3.4531
3.4844
3.3281
3.25
3.3438
3.2813
3.2344
3.25
3.2813
3.2344
3.2344
3.2656
3.3438
3.2969
3.2969
3.2656
3.2813
3.2188
3.0625
3.0781
3.0625
3.1563
3.2656
3.3438
3.4219
3.4688
3.625
3.7031
3.6094
3.6875
3.7031
3.4688
3.3594
3.2813
3.5625
3.5938
3.5625
3.5625
3.5313
3.5625
3.4063
3.3594
3.4219
3.3594
3.2813
3.2656
3.375
3.2656
3.1875
3.1875
3.1094
3.2656
3.2813
3.3281
3.2344
3.2188
3.1875
3.0156
2.8438
2.6563
2.75
2.7031
2.5469
2.7656
2.8906
2.9219
2.9531
3.4063
3.5469
3.6094
3.6406
3.5781
3.625
3.7188
3.8281
3.8281
3.7969
3.8594
3.75
3.875
3.8906
3.6094
3.4688
3.1719
3.0938
3.2656
3.1875
3.4063
3.3125
3.3125
3.4375
3.5781
3.5313
3.7188
3.5
3.625
3.6406
3.625
3.6875
3.6094
3.7656
3.8281
3.9531
4
3.9844
4.0938
4.25
4.2031
4.25
4.2031
4.4688
4.3906
4.4375
4.3281
4.4219
4.4844
4.5156
4.6563
4.9219
4.6719
4.625
4.7969
4.5625
4.9375
4.8438
4.6719
4.875
4.8906
4.7188
4.8906
4.6563
4.9688
4.9531
5.2813
5.1563
5.2344
5.25
5.2188
5.3281
5.5625
5.5
5.8594
5.9375
5.8438
5.75
5.7344
5.9219
6.1875
6.0938
6.1719
6.2969
6.125
6.1094
5.9531
6.2969
6.9063
6.7813
6.5
6.6563
6.8125
7.0625
6.7969
7.1719
7.3906
7.8906
7.8438
8.1094
7.7813
7.5
7.6563
7.2969
7.1563
7.9531
7.5625
7.125
6.8438
6.7813
7.2344
7.2813
7.8125
7.4219
7.7344
7.4531
7.3281
7.0625
7
7.2813
7.5
7.6719
7.75
7.5938
7.375
7.1406
7.5
7.4531
7.2656
7.4219
6.8906
6.7969
6.5156
6.4844
6.6719
6.875
7.125
6.7188
6.5938
6.4531
6.3281
5.9219
5.3594
5.8281
6.4688
6.25
5.9063
6.0313
6.2188
6.125
5.8438
5.8125
6.0313
6.4531
6.8438
7.1719
7.0156
6.8281
6.8125
6.7656
6.5156
6.2969
6.25
6.0469
6.125
6.0938
6.2031
6.3281
5.75
5.9688
6.125
6.2031
6.5938
6.3281
6.4375
6.1875
6
5.8594
5.8906
6.2031
6.375
6.5469
6.875
7.1719
7.125
6.7813
6.6719
6.5156
6.3281
6.6094
6.2813
8.2344
8.7188
8.7656
8.5313
8.5313
8.7813
8.9219
8.9375
9.1719
9.2813
9.2813
9.4375
9.6094
9.6719
9.6719
9.7344
9.8281
9.7188
9.6719
9.5156
9.75
9.9375
9.875
9.375
9.5313
9.0625
9.0469
8.75
9.2656
9.4219
9.5156
9.5156
9.5313
9.2813
9.1875
9.2813
9.125
9.0938
9
9.1875
8.875
9.6563
9.8281
9.3281
8.8594
9
9.25
9.3906
9.2344
9.2344
9.2813
9.25
9.125
9.125
9.4219
9.6094
10.375
10.9531
11.0781
11.0156
11.5938
11.4375
11.3594
10.6719
10.5469
10.8906
11.2813
11.125
11.4219
10.875
10.5469
10.5781
10.7188
10.8281
11.375
11.3125
11.625
11.5625
11.4688
11.1719
11.3125
11.5156
11.75
11.8594
11.7031
11.25
10.9688
10.9531
11.1875
11.2969
11.0313
10.8281
10.8594
11.2031
11.4688
11.8906
12.7969
13.25
14.3281
14.5469
14.6719
14.8594
14.6094
14.7188
15.5156
16.2813
16.0156
16.125
17.75
18.5469
19.0313
19.3594
18.375
17.9531
18.4063
18.1406
16.9531
17.6719
18.9844
19.6719
19.6094
19.8125
19.0313
19.6406
21.1563
19.9531
19.2344
22.5938
22.3906
22.6719
24.0781
24.4219
26.2656
26.6719
26.0938
26.5313
27.5
27.8438
28.0156
29.5313
26.9219
26.4375
24
25.8438
28.9375
28.0938
26.4063
26.2656
26.7031
27.8125
28.5625
29.625
29.8438
27.0938
28.2188
27.5313
25.9063
23.6875
24.9688
27
27.1563
28.3438
28.9063
29.9688
29.7813
29.9688
31.1563
29.8438
31.0938
30.6875
30.625
30.8125
29.2813
29.6563
31.5313
30.9688
35.3125
34.3125
37.125
35.75
34.25
37.5
37.875
37.4688
41.5625
42
40.8125
39.375
38.5
39.3125
40.9688
39.9063
39.0625
40.3438
42.0313
43.4375
43.5
44.2188
43.2813
41.25
39.2188
39.0313
38.4375
37.9688
39.125
41.0938
43.5625
41.25
38.6875
36.5625
35.9688
31.75
37.4063
39.4688
37.2813
35.4063
36.2188
37.7813
36.0938
38.6563
39.9688
39.8438
38.9063
37.9063
37.2188
38.4063
36.1563
36
33.8125
36.1875
37.0938
38.5
39.5938
39.0938
36.5313
35.0313
33.9063
31.3125
32.125
33.2188
33.5
37.0938
35.9375
38.9375
40.0938
40.4688
38.5313
40
41.1875
41.3438
40.2813
40.8438
39.5
41.25
40.9375
43
41.9375
43.0938
40.75
39.75
41.3438
41.125
41.4688
40.4375
42.0313
40.0938
36.1563
37.8125
37.9375
37.0625
36.1563
37.3438
37.875
38.0625
38.0625
37.0938
36.875
39.0625
37.7188
37.5
38
38.375
37.5313
36.1875
37.5938
36.5625
36.5625
38.7188
40.7813
40.9375
41.5
40.6875
40.0313
40.5625
41.1875
40.625
40.5938
41.9688
40.6563
41.5938
41.7813
41.4375
42.3438
42.3125
43.375
43.875
44.125
45.4688
46.3125
45.5313
44.625
45.5938
43.2813
41.7188
39.6875
40.9063
42.4688
39.1563
38.25
39.6563
39.9688
39.4688
40.375
39.375
39.7188
39.9375
40.75
39.375
39.375
34.75
34.0625
34.1563
33.8125
33.375
32.3125
31.125
31.5
35.625
34.5625
33.6875
33.5625
36.375
35.25
34.375
35.8125
34.375
34.0625
34.1875
31.625
33
31.375
29.5625
30.3125
27.9375
26.5625
24.8125
27.1875
25.4375
24.75
28.375
28.875
27.375
28.8125
24.75
23.875
22.3125
24.125
23.125
22.6875
22.875
26.5
26.4375
28.1875
31.5
30.1875
28.3125
30.0625
31.9375
30.75
28.375
27.5
28.5625
32
30.625
28.5
29.5
31.875
30.9375
30.6875
31.0625
29.0625
26.375
32
32.5625
30.125
29.9375
31.5
32.75
33.3125
32.3125
31.8125
33.25
33.8125
34.5625
31.8125
31.5
30.0625
29.9375
30.375
30.4375
30.3125
29.125
30.0625
27.75
27.5
27.625
27.6875
27.125
23.5625
23
22.5625
25
25.5
24
23.125
23
23.375
22
23.1875
21.6875
19
21.375
16.875
17
17.625
18.625
17.5
16.375
15.1875
16.9375
16.0625
14.6875
14.0625
15.4375
14.375
14.75
15.5
15.875
15.6875
16.625
15.125
14.5
15
15.3125
13.25
13.6875
14.75
13.875
14.0625
15
15.5
15.8125
15.9375
16.25
17.9219
20.3125
19.75
17.1563
16.9688
17.25
16.1563
16.0469
17.1719
16.4531
17.0938
16.875
17.0469
17.0625
16.3906
15.9063
16.0469
15.9375
16.4063
16.125
16.2813
18.0938
17.5781
16.8281
17.2969
16.5156
15.6094
14.5156
15.2969
15.8594
16.0625
16.7656
17
17.3281
17.0156
16.1875
16.125
15.5
14.8438
15
14.8438
16.7656
17.5156
17.9063
17.4844
17.7656
18.4375
18.0469
19.1875
19
19.5781
19.7656
18.9375
18.2031
18.9063
17.5938
18
19.6563
19.5469
18.7031
19.5
18.7813
19.1719
19.0625
18.125
18.2031
19.2656
19.4063
19.0625
18.6719
18.0781
18.3125
18.3125
18
17.4531
17.2344
16.2969
15.9844
15.1563
15.6875
15.5469
15.0156
15.3125
14.7188
14.8125
14.125
14.6406
14.0156
15.1875
14.9375
14.0156
13.3438
12
12.2031
12.0781
12.0625
10.9219
11.0625
11.4531
11.0156
11.375
11.2031
11.3125
10.7656
12.5156
12.25
12.2031
12.0469
12.5781
12.5781
12.5938
13.6563
13.7969
14.2031
13.9063
13.7031
14.2969
14.9688
14.9375
14.4375
14.9375
13.6563
14.2656
14.5469
14.9531
15.0156
14.6563
13.9531
13.5781
13.4063
13.5
13.5625
14.1719
14.4531
14.9531
15.2188
15.5781
15.4531
15.375
15.4063
14.5156
14.9219
14.7969
14.5469
14.875
14.5625
14.0781
14.4063
14.7344
14.4219
14.125
14.1875
14.0313
13.7031
13.7969
15.375
15.9063
15.9063
15.4219
15.1094
15.0938
14.6719
14.5625
14.7969
15.0469
14.9219
14.4844
14.375
14.3438
14.0938
13.9844
14.0625
13.8125
13.9844
15.2969
15.4531
15.4844
15.75
16.7344
16.6875
16.2656
16.3906
16.9844
16.5781
17.2188
16.4844
15.9375
16.75
17.25
16.6875
16.9063
16.5
16.625
17.2656
16.3906
16.125
15.8125
16.0469
15.9219
16.1875
16.3438
16.1875
16.125
16.3125
15.4844
14.7969
15.5156
15.2656
15.5
16.3438
16.5313
16.375
16.625
15.9844
13.6719
13.8438
14.1406
14
14.2031
14.5
14.4375
13.8906
13.4375
12.5938
12.5938
12.8125
12.5469
13.1563
12.8438
12.5156
12.7031
12.625
12.7969
12.8438
12.5313
12.4844
12.2188
12.125
12.3438
11.9844
11.5469
10.9375
11.5156
11.2969
12.0625
11.7813
11.6563
11.9375
11.4375
11.125
10.5
10.5
10.125
10.4375
10.0469
9.4531
8.5469
8.4375
8.2188
8.25
9.1563
8.4844
8.0156
8.4688
8.8125
9.1875
9.5781
9.5625
9.1094
8.8438
8.7969
9.375
8.8438
8.9375
8.4063
8.4219
7.9219
7.3125
7.8125
8.6563
8.1563
8.3594
8.1406
8.0313
8.2656
8.2656
8.5625
9.2031
8.9844
8.7969
8.4531
8.125
8.6094
8.7031
9.1719
9.6875
9.4688
9
8.6875
9.5469
9.9844
9.3125
9.4063
8.9844
9.4219
9.6875
10.1563
9.9844
10.4688
10.0469
9.7188
9.2344
8.7969
9.4063
9.0156
9.3281
9.5469
9.875
10.0156
9.6719
9.4063
9.0156
9.3281
9.5156
10.0156
9.8125
9.7344
9.0938
10.0469
10.125
10.3906
10.9375
10.7656
10.7656
11.1875
10.7969
10.5625
10.1563
9.9063
9.9531
9.5938
9.0625
9.5938
9.125
9.625
9.7813
9.7969
9.7969
9.4844
9.7344
9.2813
9.0313
8.3125
8.1094
7.9844
7.6406
8
8.5938
8.2969
8.4063
7.8594
8.5469
8.3125
8.3281
8.2031
7.7031
8.0625
8.0625
8.5156
9.0469
9.25
9.6875
9.3125
9.875
9.4844
9.6406
9.8906
9.9531
9.8594
10.2656
10.0625
9.9531
10.0156
10.1875
10.125
10.2344
10.1719
10.3594
10.2031
9.5469
9.0469
9.5
9.625
10.3438
10.7031
10.25
10.375
10.7344
11.4531
11.5781
11.9063
11.625
12
12.1563
11.9063
11.375
11.0469
10.6875
11.2813
10.5313
10.7031
11.2969
11.3906
10.6563
11.2969
11.0156
10.625
11
10.7344
11.0625
10.9844
10.8281
10.7969
10.9375
10.7969
11.2031
11.5625
11.9531
12.6875
12.125
13.0156
13.0625
12.9375
13.1094
12.5313
12.1719
11.4375
11.5625
11.625
12.4531
11.7656
11.9375
11.9688
12.0156
11.75
12.0313
12.0156
11.7344
11.5156
11.5313
11.3438
11.75
11.9063
11.5
11.5469
11.7031
12.4219
12.3125
12.3125
12.3906
11.8125
11.9375
11.7031
11.8906
11.9531
11.6875
11.625
11.1719
11.1563
11.0625
10.7656
10.6875
11
11.9375
11.9375
12.3438
12.25
11.3125
11.5
11.3438
11.0313
11.2969
11.4375
11.3594
11.0938
10.8438
10.7656
11.4531
11.625
11.375
11.7031
11.5
11.1719
11.375
11.2969
11.6563
11.5469
11.5781
12
11.8438
12.125
12
12.0313
11.7969
11.9688
12.0156
11.875
11.9219
12.2031
12.0781
12.4063
12.1875
12.0938
12.4219
12.4531
12.4219
12.5313
12.9063
12.5625
12.1719
12.1563
12.0938
12.2969
12.0938
12.6563
13.2656
12.8281
13.0156
12.7969
13.0156
13.5781
13.3594
13.0938
12.8438
13.0156
13.2656
13.3281
13.4844
13.6563
13.3438
13.4219
13.3438
12.9375
12.7656
12.6563
12.375
12.5156
12.4375
12.0156
12.3281
12.4531
12.1563
12.5625
12.7344
12.6719
12.5938
12.8438
12.6406
12.625
12.4063
12.0938
12.0781
11.6875
12.0625
12.0938
11.6875
12.0938
11.875
11.9219
11.875
11.9844
11.8125
11.8594
11.6406
11.4531
11.3906
11.2969
11.6875
12.1563
11.9063
12.125
12.0781
12.1875
12.1563
12.125
12.1563
12.2969
12.375
12.4375
12.4531
12.7656
12.8281
13.3906
13.7656
13.7188
13.0781
13.4844
13.3594
12.8438
12.9844
12.5469
12.4531
12.5313
12.2813
12.3594
12.125
11.9688
12.0313
11.5938
11.5625
11.4063
11.6406
11.25
11.6875
11.4063
11.9844
12.1875
12.2031
12.625
12.3281
12.3281
12.2813
12.3281
12.125
11.9688
11.7188
11.9063
11.9844
11.7188
11.75
11.7344
11.7031
11.9844
11.8906
12.1875
11.9688
12.1875
12.2031
12.3438
12.7031
12.4531
12.5625
12.5469
12.7656
12.5625
12.2969
12.0938
11.8125
12.0313
11.8125
11.875
12.0469
11.875
12.0469
12.0156
12.5156
12.4063
12.9063
12.9844
12.7344
12.8125
12.6094
12.7813
12.8281
12.8281
12.7031
13.125
13.25
13.3281
13.0938
13.2031
13.0469
12.9688
13
13.1875
13.1875
13.2344
13.1406
13.5469
13.5938
13.9688
14.2344
14.1719
14.6563
14.3594
14.5938
14.8906
14.8438
14.7031
14.7031
14.5313
14.5469
14.4688
14.2031
13.9375
14.1875
13.8594
13.6406
13.9063
13.2656
13.5625
13.4219
13.2813
13.3906
13.7031
13.7188
13.7969
13.7656
14.0625
13.7969
13.7031
13.3438
13.2656
13.1875
13.2813
12.875
13.0781
12.9844
13.0156
13
12.7031
12.3594
12.3125
12.4063
12.25
12.0625
11.6563
11.7031
11.8438
11.6094
11.5
11.3438
11.4063
11.5313
11.9375
11.9219
12.0781
12.0781
12
12.2969
12.5781
12.7656
12.4531
12.3438
12.375
12.4063
12.3125
12.375
12.0781
11.9844
12.3125
12
12.0625
12.375
12.5313
12.3125
12.1563
11.9063
11.4375
11.25
11.3281
11.3438
11.3438
11.4844
11.4063
11.4063
11.6719
11.5938
11.7969
11.5938
11.3594
11.375
11.2969
11.2344
11.2344
11.3594
11.5
11.4844
11.4844
11.4063
11.125
11.1563
10.9688
11.0469
11.4219
11.5938
11.5469
11.7031
11.5469
11.7031
11.3438
11.1406
11.1406
11.1563
11.125
11.1563
11.5
11.7969
11.625
11.7656
11.9375
11.8125
11.6563
11.2031
11.2031
10.9219
11.0313
11.0938
11
10.7969
10.7188
10.2188
10.3281
10.5
10.3438
10.3594
10.0938
10.0781
10.375
10.25
10.375
10.5156
10.6719
10.5625
10.8438
10.6406
10.1875
10.375
10.5938
10.1875
9.9063
10.25
10.25
10.2813
10.5156
10.4219
10.3125
10.2969
10.3281
10.4063
10.2344
10.2969
10.1094
9.9688
10.0469
10.2969
10.0313
10.0781
9.8594
9.9375
10.4531
10.625
10.5469
11.3281
11.2344
11.5156
11.4063
11.4063
11.1406
11.0469
11.0469
11.1875
11.3594
11.4375
11.2813
11.9063
11.875
12.2031
12.2344
12.2969
12.1719
12.2031
12.1563
11.9844
12
12.2344
12.4219
12.3125
12.4219
12.4375
12.3125
12.125
12.2656
12.5938
12.7344
12.6563
12.75
12.7969
12.8281
13.0938
13.1719
13.1094
13.3438
13.375
13.1406
13.3906
13.0156
12.9219
13.125
12.9688
12.75
12.6875
12.7031
12.7969
12.6563
12.6875
12.7344
13.0938
12.9531
13.0313
13.3438
13.0625
13.2031
13.2969
13.2813
14.625
14.2344
14.0938
14.0938
13.9844
13.5781
13.7969
13.7031
13.6406
13.6563
13.8438
13.7188
13.875
13.7188
13.4063
13.0625
13.0938
13.2188
13.3281
13.1875
13.2031
13.4844
13.4844
13.625
13.7813
13.4688
13.2813
13.3125
13.2344
13.5938
13.625
13.9688
13.6875
13.7656
13.6563
13.5625
13.3438
13.6563
13.5469
13.4688
13.1719
13.1406
13.3438
13.3125
13.2969
13.3281
12.9531
12.9375
12.6563
12.9531
13.0156
13.125
12.9531
13.1563
13.0469
13.0938
13.2813
13.5938
13.625
13.3438
13.2656
13.0938
13.1563
13.1563
13.0156
13.1563
12.5469
12.6563
12.4844
12.5156
12.4063
12.4375
12.2813
12.4844
12.4844
12.5313
12.6875
12.4531
12.375
12.4531
12.3594
12.4063
12.4844
12.2656
12.0938
11.7031
11.7969
11.875
11.7813
12.1719
11.9219
12.0625
11.875
11.9063
11.625
11.5625
11.5938
11.5938
11.7188
11.6563
11.7656
11.75
11.5156
11.7031
11.8906
12.3594
12.3438
12.2031
12.3281
12.4375
12.5469
12.7031
12.7969
12.75
12.9219
12.8438
12.7969
12.8438
12.9844
12.5938
12.6563
12.5938
12.6719
12.6719
12.6406
12.5938
12.4844
12.625
12.4531
12.3438
12.4063
12.5469
12.625
12.5156
12.5
12.5469
12.8281
13.5625
13.2031
13.2969
13.2656
13.3125
13.2969
13.5625
13.7031
13.7969
13.9531
14.0469
14.0469
13.9063
13.9375
14.0313
13.7188
13.7969
13.7969
13.7969
13.8438
13.8438
13.5625
13.5156
13.5781
13.375
13.2969
13.2813
13.2969
13.3594
13.3438
13.375
13.2969
13.2969
13.2969
13.2344
13.0938
13.0625
13.0938
13.0938
12.9531
12.9688
12.9063
13.0781
13.0313
12.9844
13.3125
13.3906
13.5625
13.4063
13.375
13.2813
13.4844
13.6406
13.4375
13.375
13.25
13.2969
13.4063
13.2969
13.5156
12.4531
12.4063
12.3281
12.1875
12.3125
12.4063
12.375
12.2344
12.1719
12.0313
11.9844
12.0156
12.0781
12
12.0781
12.3125
12.375
12.375
12.1875
12.1406
12.2656
12.8125
12.9688
12.6563
12.4531
12.7031
12.6875
12.7344
12.4844
12.2031
12.6094
12.6094
12.625
12.5156
12.7031
12.8125
12.8125
12.6719
12.4844
12.6094
12.625
12.4375
12.3906
12.6406
12.6094
12.5469
12.7344
12.5938
12.8594
12.7656
12.5156
12.5156
12.5156
12.4375
12.5
12.8438
12.8281
12.8125
12.8281
12.6875
12.3125
12.2813
12.1875
12.3125
12.3438
12.3438
12.2813
12.2969
12.2031
12.5938
12.625
12.7969
13.125
12.875
12.625
12.5938
12.5156
12.5156
12.4375
12.3438
12.5156
12.2969
12.2969
12.2031
12.5156
12.4375
12.4063
12.6094
12.5625
12.5781
12.3906
12.2031
12.25
12.375
12.5625
12.6875
12.6875
12.4844
12.4063
12.4063
12.4375
12.4063
12.3438
12.4844
12.4063
12.4531
12.4531
12.4219
12.8125
12.7969
12.7969
12.7656
12.875
12.8594
12.8438
12.9063
12.9063
12.9531
13.2344
13.5
13.5938
13.7188
13.625
13.9844
13.7969
13.7969
13.8438
13.5938
13.7188
13.7813
13.6875
13.7969
13.8438
13.9531
13.7969
13.75
13.8281
13.8438
13.7813
13.6875
13.7344
14
14.3125
14.1563
14.2813
14.4844
14.6563
14.7188
14.9375
14.5938
14.5781
14.4375
14.3125
14.2969
14.4531
14.2344
14.1094
14.2344
13.9063
13.9844
13.9688
14.1875
13.8438
13.7656
13.7031
13.5469
13.4688
13.7813
14.0625
14.0469
14.0156
14.2188
14.2188
14.1563
13.8594
13.8125
13.5469
13.5313
13.4688
13.25
13.1563
13.1875
13.7031
14.1875
14.2969
14.25
14.5313
14.3281
14.9063
14.6719
14.5
14.5781
14.7344
14.4844
