915429600	20.625
915516000	21.6563
915602400	20.875
915688800	22.5
915775200	22.5
916034400	22.9375
916120800	23.0625
916207200	23.25
916293600	20.6875
916380000	20.6563
916725600	20.4375
916812000	20.2813
916898400	19.4063
916984800	19.375
917244000	19.6875
917330400	20.25
917416800	20.0625
917503200	20.4375
917589600	20.5938
917848800	20.4688
917935200	19.5938
918021600	20.0938
918108000	18.9375
918194400	18.1563
918453600	18.875
918540000	18.5938
918626400	19.1563
918712800	19.8125
918799200	18.8438
919144800	19.1563
919231200	18.5
919317600	18
919404000	18.5938
919663200	19.2188
919749600	19.2188
919836000	18.7188
919922400	18.4688
920008800	17.4063
920268000	16.875
920354400	17.3125
920440800	17.0938
920527200	16.7188
920613600	16.5938
920872800	17.1875
920959200	17.0625
921045600	16.2813
921132000	16.0938
921218400	16.5938
921477600	17.0313
921564000	17.75
921650400	17.0313
921736800	17.75
921823200	16.75
922082400	17.5313
922168800	16.5
922255200	16.8438
922341600	16.9063
922428000	16.625
922687200	17.6875
922773600	17.9375
922860000	17.9688
922946400	18.0313
923288400	18.5313
923374800	19
923461200	18.5625
923547600	18.4375
923634000	18.375
923893200	18.125
923979600	17.3125
924066000	17.7656
924152400	17.875
924238800	17.7188
924498000	16.9375
924584400	17.0313
924670800	17.1875
924757200	18.1875
924843600	19.5938
925102800	20.4688
925189200	22.875
925275600	22.0313
925362000	21.5
925448400	23
925707600	24.7813
925794000	23.25
925880400	23.5
925966800	22.25
926053200	22.9375
926312400	22.625
926398800	22.375
926485200	23.25
926571600	23.0938
926658000	22.1875
926917200	22.1875
927003600	22.625
927090000	22.5938
927176400	21.25
927262800	21.9688
927522000	20.9688
927608400	20.75
927694800	22.0313
927781200	21.75
927867600	22.0313
928213200	22.4063
928299600	23.2813
928386000	23.7188
928472400	24.0625
928731600	24.4688
928818000	23.8438
928904400	24.2188
928990800	24.0625
929077200	23.2188
929336400	22.7188
929422800	23.0313
929509200	23.9688
929595600	23.1875
929682000	23.5625
929941200	23.25
930027600	22.6875
930114000	21.8438
930200400	21.1563
930286800	21.0938
930546000	21.2813
930632400	22.6875
930718800	23.1563
930805200	22.6563
930891600	23.1563
931237200	23.6875
931323600	24.9375
931410000	27.25
931496400	27.8125
931755600	27.25
931842000	26.8438
931928400	27.9688
932014800	26.625
932101200	26.5313
932360400	27.2188
932446800	26.4375
932533200	27.0313
932619600	26.1875
932706000	26.6563
932965200	25.4688
933051600	26.8438
933138000	27.1875
933224400	26.9375
933310800	27.8438
933570000	27.875
933656400	27.625
933742800	26.9063
933829200	27.375
933915600	27.0625
934174800	27.2188
934261200	27.6875
934347600	29.8438
934434000	30
934520400	30.0313
934779600	30.25
934866000	30.1563
934952400	30.0625
935038800	29.375
935125200	29.5938
935384400	30.375
935470800	30.1875
935557200	30.6875
935643600	31.0625
935730000	32.375
935989200	31.0313
936075600	32.625
936162000	34.3125
936248400	35.2813
936334800	36.75
936680400	38.1875
936766800	37.25
936853200	37.7813
936939600	38.7188
937198800	37.5
937285200	38.9063
937371600	37.6875
937458000	38.4063
937544400	38.4688
937803600	39.5313
937890000	34.625
937976400	35.1563
938062800	31.6563
938149200	32.4688
938408400	30.6563
938494800	29.8125
938581200	29.5313
938667600	31.6563
938754000	30.8594
939013200	32.2813
939099600	33.9688
939186000	33.5938
939272400	33.1875
939358800	32.7813
939618000	33.3438
939704400	33.8438
939790800	32.0156
939877200	36.5938
939963600	37.2813
940222800	36.625
940309200	34.25
940395600	37.5625
940482000	38.0625
940568400	36.9688
940827600	37.25
940914000	37.5313
941000400	38.1875
941086800	38.9375
941173200	40.0625
941436000	38.8125
941522400	40.125
941608800	40.75
941695200	41.8125
941781600	44.1563
942040800	48.1875
942127200	44.8125
942213600	45.7188
942300000	46.125
942386400	45.3125
942645600	44.7188
942732000	45.5938
942818400	45.125
942904800	44.8125
942991200	46.2188
943250400	45.3125
943336800	46.4063
943423200	47.3438
943596000	47.5313
943855200	47.2813
943941600	48.9375
944028000	51.5313
944114400	55.0938
944200800	57.5
944460000	58
944546400	58.9063
944632800	55.0313
944719200	52.625
944805600	51.5
945064800	49.5
945151200	47.4375
945237600	48.5
945324000	49.1563
945410400	50
945669600	49
945756000	51.25
945842400	49.9688
945928800	51.75
946274400	49.6563
946360800	49.0938
946447200	50.3438
946533600	50.1563
946620000	51.4063
946879200	55.9688
946965600	51.25
947052000	52
947138400	47.5
947224800	49.75
947484000	48.875
947570400	46.375
947656800	43.5938
947743200	48.375
947829600	50.2188
948175200	51.9688
948261600	53.2813
948348000	56.75
948434400	55.6563
948693600	53.125
948780000	56.125
948866400	55.0938
948952800	55
949039200	50.8125
949298400	51.875
949384800	50.125
949471200	49.4063
949557600	51.6563
949644000	54
949903200	57.0313
949989600	57.4375
950076000	56.3125
950162400	56.75
950248800	54.375
950508000	57.9063
950594400	59.5
950680800	57.0625
950767200	57.4375
950853600	55.625
951199200	56.9063
951285600	58.125
951372000	57.6094
951458400	55.1875
951717600	56.625
951804000	57.3125
951890400	65.1563
951976800	61
952063200	64
952322400	62.8438
952408800	61.4375
952495200	61
952581600	61.125
952668000	62.875
952927200	60.6563
953013600	57.125
953100000	58.125
953186400	60.7813
953272800	62.5
953532000	61.5
953618400	67.4688
953704800	72.0938
953791200	70.6563
953877600	69.3438
954136800	69.7813
954223200	69.5625
954309600	67.9688
954396000	62.875
954482400	67.9063
954738000	66.6563
954824400	63.6563
954910800	65.1875
954997200	62.5938
955083600	65.875
955342800	62.5
955429200	59.7188
955515600	54.625
955602000	56.9063
955688400	55.9375
955947600	61.9375
956034000	63.4375
956120400	60.5625
956206800	59.4375
956552400	60.25
956638800	64.1563
956725200	60.6563
956811600	63.375
956898000	62.0313
957157200	62.1563
957243600	58.9375
957330000	57.5313
957416400	55.3438
957502800	56.5625
957762000	55.0625
957848400	52.7188
957934800	49.6563
958021200	51.4063
958107600	53.8125
958366800	50.5
958453200	52.8438
958539600	50.6875
958626000	50.375
958712400	47
958971600	44.9688
959058000	42.9063
959144400	43.8438
959230800	43.6406
959317200	43.1875
959662800	43.7813
959749200	42
959835600	44.5625
959922000	46.2813
960181200	45.6563
960267600	46.4375
960354000	48.2813
960440400	47.4063
960526800	47.875
960786000	45.5938
960872400	47.25
960958800	45.2188
961045200	46.1875
961131600	45.5938
961390800	48.3125
961477200	50.625
961563600	27.8125
961650000	26.875
961736400	25.8438
961995600	27.0625
962082000	25.875
962168400	27.2188
962254800	25.625
962341200	26.1875
962600400	26.6563
962773200	25.8125
962859600	25.9063
962946000	27.2188
963205200	28.5625
963291600	28.4688
963378000	29.4375
963464400	28.25
963550800	28.8438
963810000	29.1563
963896400	28.625
963982800	26.3438
964069200	27.5625
964155600	26.7813
964414800	24.3438
964501200	25.0313
964587600	25.0313
964674000	26
964760400	24.1563
965019600	25.4063
965106000	24.6563
965192400	23.625
965278800	24
965365200	23.6875
965624400	23.9688
965710800	23.375
965797200	23.75
965883600	23.7813
965970000	23.8438
966229200	23.5313
966315600	23.3438
966402000	24.25
966488400	25.7188
966574800	25
966834000	25.25
966920400	25.8438
967006800	27.1563
967093200	28.0625
967179600	28.4063
967438800	29.0313
967525200	29.5938
967611600	29.75
967698000	30.4688
967784400	31.7188
968130000	31.2188
968216400	29.2188
968302800	31
968389200	29.4375
968648400	29.2188
968734800	28.875
968821200	29
968907600	28.4375
968994000	27.625
969253200	30.3281
969339600	29.9688
969426000	30.5313
969512400	28.3438
969598800	26.0938
969858000	26.75
969944400	25.7188
970030800	24.4688
970117200	26.75
970203600	25.75
970462800	24.25
970549200	22.3125
970635600	23.625
970722000	22.0625
970808400	22.1875
971067600	21.75
971154000	20.875
971240400	19.625
971326800	20
971413200	22.0625
971672400	21.5
971758800	20.125
971845200	20.125
971931600	18.9375
972018000	19.5
972277200	20.375
972363600	18.875
972450000	18.5
972536400	18.5
972622800	18.5625
972885600	19.3125
972972000	19.5625
973058400	20.5
973144800	22.3125
973231200	22.25
973490400	21.4375
973576800	21.3125
973663200	20.0625
973749600	20.1875
973836000	19.0625
974095200	19.375
974181600	20.25
974268000	19.875
974354400	19
974440800	18.5
974700000	18.9375
974786400	18.8125
974872800	18.5
975045600	19.3125
975304800	18.6875
975391200	18.0313
975477600	17.5625
975564000	16.5
975650400	17.0625
975909600	16.6875
975996000	17
976082400	14.3125
976168800	14.3125
976255200	15.0625
976514400	15.1875
976600800	15.375
976687200	15
976773600	14.4375
976860000	14.0625
977119200	14.25
977205600	14
977292000	14.375
977378400	14.0625
977464800	15
977810400	14.6875
977896800	14.8125
977983200	14.8125
978069600	14.875
978415200	14.875
978501600	16.375
978588000	17.0625
978674400	16.375
978933600	16.5625
979020000	17.1875
979106400	16.5625
979192800	18
979279200	17.1875
979624800	17.125
979711200	16.8125
979797600	18.6875
979884000	19.5
980143200	19.25
980229600	20.5
980316000	20.5
980402400	19.9375
980488800	19.5625
980748000	21.6875
980834400	21.75
980920800	21.625
981007200	21.125
981093600	20.625
981352800	20.1875
981439200	21.125
981525600	20.75
981612000	20.75
981698400	19.125
981957600	19.6875
982044000	19.125
982130400	19.5
982216800	20.0625
982303200	19
982648800	18.3125
982735200	18.875
982821600	18.8125
982908000	18.8125
983167200	19.5
983253600	19.375
983340000	18.25
983426400	18.75
983512800	19.25
983772000	20.375
983858400	21.5
983944800	21.25
984031200	20.8125
984117600	20.25
984376800	18.625
984463200	19.5625
984549600	20.4375
984636000	19.6875
984722400	19.625
984981600	20.5625
985068000	19.6875
985154400	20.125
985240800	21.625
985327200	23
985586400	21.7813
985672800	22.875
985759200	22.1719
985845600	22.5313
985932000	22.0625
986187600	21.5938
986274000	20.2344
986360400	19.5
986446800	20.875
986533200	20.5938
986792400	20.5469
986878800	22.0469
986965200	21.7969
987051600	22.4219
987397200	21.4375
987483600	20.4063
987570000	22.7969
987656400	25.7188
987742800	25.0469
988002000	24.25
988088400	24.0313
988174800	24.7188
988261200	24.6875
988347600	26.2031
988606800	25.4844
988693200	25.9375
988779600	26.5938
988866000	24.9531
988952400	25.75
989211600	24.9531
989298000	24.5625
989384400	23.9844
989470800	23
989557200	22.8438
989816400	23.2969
989902800	23.1875
989989200	24.0938
990075600	23.5469
990162000	23.5313
990421200	23.5625
990507600	23.5
990594000	23.2344
990680400	23.2031
990766800	22.7656
991112400	21.4688
991198800	19.7813
991285200	19.9531
991371600	20.8906
991630800	20.6563
991717200	20.9375
991803600	20.7344
991890000	21.6563
991976400	21.3125
992235600	20.0469
992322000	20.3125
992408400	20.4688
992494800	19.875
992581200	20.4375
992840400	20.3281
992926800	20.1875
993013200	21.6719
993099600	22.4844
993186000	22.2656
993445200	23.9844
993531600	23.75
993618000	23.3438
993704400	23.5469
993790800	23.25
994050000	23.9063
994136400	23.8438
994309200	23.1875
994395600	22.0313
994654800	22.7031
994741200	21.1406
994827600	22.5469
994914000	24.3594
995000400	24.8438
995259600	23.9531
995346000	25.0938
995432400	20.7969
995518800	19.9531
995605200	19.9844
995864400	19.5469
995950800	19.0938
996037200	18.4688
996123600	18.5938
996210000	18.9531
996469200	18.9375
996555600	18.7969
996642000	19.0625
996728400	19.8125
996814800	19.5
997074000	19.125
997160400	19.25
997246800	18.9063
997333200	19.0469
997419600	19.0156
997678800	19.0938
997765200	18.7344
997851600	18.4375
997938000	18.6563
998024400	18.0625
998283600	18.125
998370000	17.9219
998456400	18.2031
998542800	17.8125
998629200	18.5625
998888400	18.9219
998974800	18.4063
999061200	17.8281
999147600	17.8281
999234000	18.5469
999579600	18.25
999666000	18.5469
999752400	17.7188
999838800	17.2813
1000098000	17.375
1000702800	16.9844
1000789200	16.2813
1000875600	17.0156
1000962000	15.6875
1001048400	15.7344
1001307600	16.4531
1001394000	15.5469
1001480400	15.1563
1001566800	15.5156
1001653200	15.5156
1001912400	15.5469
1001998800	15.0469
1002085200	14.9844
1002171600	15.875
1002258000	16.1406
1002517200	16.2031
1002603600	16
1002690000	16.8125
1002776400	17.7344
1002862800	18.0156
1003122000	17.9844
1003208400	18.0156
1003294800	16.9844
1003381200	18
1003467600	18.2969
1003726800	19.0156
1003813200	18.1406
1003899600	18.9531
1003986000	19.1875
1004072400	18.6719
1004335200	17.625
1004421600	17.5938
1004508000	17.5625
1004594400	18.5938
1004680800	18.5625
1004940000	19.0625
1005026400	19.5625
1005112800	19.5938
1005199200	18.7031
1005285600	18.7031
1005544800	18.75
1005631200	19.375
1005717600	19.6094
1005804000	19.4531
1005890400	18.9688
1006149600	20
1006236000	19.5313
1006322400	19.6875
1006495200	19.8438
1006754400	21.375
1006840800	21
1006927200	20.5313
1007013600	20.4219
1007100000	21.2969
1007359200	21.0469
1007445600	22.4063
1007532000	23.7656
1007618400	22.7813
1007704800	22.5469
1007964000	22.5469
1008050400	21.7813
1008136800	21.4844
1008223200	21
1008309600	20.3906
1008568800	20.625
1008655200	21.0156
1008741600	21.625
1008828000	20.6719
1008914400	21
1009173600	21.3594
1009346400	21.4844
1009432800	22.0625
1009519200	22.4375
1009778400	21.9063
1009951200	23.2969
1010037600	23.5781
1010124000	23.6875
1010383200	22.9063
1010469600	22.6094
1010556000	21.6563
1010642400	21.2344
1010728800	21.0469
1010988000	21.1563
1011074400	21.7031
1011160800	20.7813
1011247200	22.4844
1011333600	22.1719
1011679200	21.8125
1011765600	23.0156
1011852000	23.2031
1011938400	23.25
1012197600	23.2656
1012284000	23.0625
1012370400	24.0938
1012456800	24.7188
1012543200	24.4063
1012802400	25.3438
1012888800	25.4531
1012975200	24.6719
1013061600	24.2969
1013148000	24.0313
1013407200	24.9844
1013493600	24.7031
1013580000	25.0156
1013666400	24.5938
1013752800	23.9063
1014098400	22.625
1014184800	23.125
1014271200	21.5
1014357600	22.7344
1014616800	23.8125
1014703200	23.6719
1014789600	21.9531
1014876000	21.7031
1014962400	23.4531
1015221600	24.2969
1015308000	23.5313
1015394400	24.0625
1015480800	24.375
1015567200	24.6563
1015826400	25.0625
1015912800	24.7188
1015999200	24.4844
1016085600	24.4375
1016172000	24.9531
1016431200	24.7344
1016517600	24.8438
1016604000	24.9219
1016690400	24.2656
1016776800	24.0938
1017036000	23.3438
1017122400	23.4531
1017208800	23.4688
1017295200	23.6719
1017640800	24.4531
1017727200	24.0625
1017813600	23.75
1017900000	24.9063
1017986400	24.7344
1018242000	24.5625
1018328400	24.0938
1018414800	24.6563
1018501200	24.8594
1018587600	25.0625
1018846800	25
1018933200	25.7344
1019019600	26.1094
1019106000	25.4063
1019192400	24.9844
1019451600	24.5313
1019538000	24.25
1019624400	23.7656
1019710800	24.125
1019797200	23.0156
1020056400	23.9531
1020142800	24.2656
1020229200	23.9844
1020315600	23.6875
1020402000	23.5156
1020661200	22.6563
1020747600	22.4688
1020834000	24.375
1020920400	24.1875
1021006800	23.3125
1021266000	23.9375
1021352400	25.6094
1021438800	25.2813
1021525200	25.2031
1021611600	25.0156
1021870800	24.7344
1021957200	23.4531
1022043600	24.3125
1022130000	25.1875
1022216400	24.1563
1022562000	23.9844
1022648400	23.9844
1022734800	24.2031
1022821200	23.2969
1023080400	22.9063
1023166800	22.7813
1023253200	22.7188
1023339600	22.1563
1023426000	21.4063
1023685200	21.4844
1023771600	20.4531
1023858000	20.0938
1023944400	19.5469
1024030800	20.0938
1024290000	20.5469
1024376400	20.1563
1024462800	17.125
1024549200	17.1094
1024635600	16.8438
1024894800	17.2656
1024981200	17.1406
1025067600	16.5469
1025154000	17.0625
1025240400	17.7188
1025499600	17.0625
1025586000	16.9375
1025672400	17.5469
1025845200	18.7344
1026104400	18.0156
1026190800	17.5313
1026277200	17.3125
1026363600	18.2969
1026450000	17.5
1026709200	18.2344
1026795600	17.8594
1026882000	15.625
1026968400	14.9844
1027054800	14.9531
1027314000	14.9219
1027400400	14.4688
1027486800	15.2031
1027573200	14.3594
1027659600	14.3438
1027918800	15.0156
1028005200	15.4375
1028091600	15.2656
1028178000	14.7969
1028264400	14.4531
1028523600	13.9844
1028610000	14.7344
1028696400	15.0313
1028782800	15.2969
1028869200	15
1029128400	14.9844
1029214800	14.5938
1029301200	15.1719
1029387600	15.6094
1029474000	15.8125
1029733200	15.9844
1029819600	15.9063
1029906000	16.125
1029992400	15.9688
1030078800	15.7344
1030338000	15.5313
1030424400	14.8438
1030510800	14.7031
1030597200	14.7031
1030683600	14.75
1031029200	14.0469
1031115600	14.4844
1031202000	14.1875
1031288400	14.375
1031547600	14.375
1031634000	14.3281
1031720400	14.2969
1031806800	14.1406
1031893200	14.1719
1032152400	14.5
1032238800	14.7969
1032325200	15.0156
1032411600	14.5781
1032498000	14.875
1032757200	14.8438
1032843600	14.6406
1032930000	14.9375
1033016400	14.7031
1033102800	14.7188
1033362000	14.5
1033448400	14.5156
1033534800	14.1719
1033621200	14.2969
1033707600	14.0313
1033966800	13.7656
1034053200	13.6875
1034139600	13.5938
1034226000	14.125
1034312400	14.5156
1034571600	14.7656
1034658000	15.1563
1034744400	14.5625
1034830800	14.1094
1034917200	14.3438
1035176400	14.5625
1035262800	14.7031
1035349200	14.875
1035435600	14.6875
1035522000	15.4219
1035784800	15.6094
1035871200	15.4375
1035957600	15.9844
1036044000	16.0625
1036130400	16.3594
1036389600	16.8906
1036476000	16.9063
1036562400	17.2188
1036648800	16
1036735200	15.8438
1036994400	15.1563
1037080800	15.6406
1037167200	15.5938
1037253600	16.2969
1037340000	15.9531
1037599200	15.6563
1037685600	15.2656
1037772000	15.5313
1037858400	16.3438
1037944800	16.0156
1038204000	15.9688
1038290400	15.4063
1038376800	15.7188
1038549600	15.5
1038808800	15.1875
1038895200	15.1563
1038981600	14.9688
1039068000	14.625
1039154400	14.9531
1039413600	14.75
1039500000	15.2813
1039586400	15.4844
1039672800	15.1875
1039759200	14.7969
1040018400	14.8438
1040104800	15.0781
1040191200	14.5625
1040277600	14.2031
1040364000	14.1406
1040623200	14.4844
1040709600	14.3594
1040882400	14.4063
1040968800	14.0625
1041228000	14.0625
1041314400	14.3281
1041487200	14.7969
1041573600	14.9063
1041832800	14.9063
1041919200	14.8438
1042005600	14.5469
1042092000	14.6875
1042178400	14.7188
1042437600	14.625
1042524000	14.6094
1042610400	14.4375
1042696800	14.625
1042783200	14.0938
1043128800	14.0156
1043215200	13.875
1043301600	14.1719
1043388000	13.7969
1043647200	14.125
1043733600	14.5781
1043820000	14.9375
1043906400	14.3125
1043992800	14.3594
1044252000	14.6563
1044338400	14.5938
1044424800	14.4531
1044511200	14.4375
1044597600	14.1563
1044856800	14.3438
1044943200	14.3438
1045029600	14.3906
1045116000	14.5469
1045202400	14.6719
1045548000	15.2656
1045634400	14.8438
1045720800	14.7656
1045807200	15
1046066400	14.7344
1046152800	15.0156
1046239200	14.5
1046325600	14.8594
1046412000	15.0156
1046671200	14.6563
1046757600	14.5625
1046844000	14.625
1046930400	14.5625
1047016800	14.5313
1047276000	14.375
1047362400	14.2344
1047448800	14.2188
1047535200	14.7188
1047621600	14.7813
1047880800	15.0156
1047967200	15
1048053600	14.9531
1048140000	14.9063
1048226400	15
1048485600	14.375
1048572000	14.5469
1048658400	14.4063
1048744800	14.4844
1048831200	14.5625
1049090400	14.1406
1049176800	14.1563
1049263200	14.5938
1049349600	14.4531
1049436000	14.4063
1049691600	14.4844
1049778000	14.4531
1049864400	14.1875
1049950800	14.375
1050037200	13.2031
1050296400	13.5781
1050382800	13.3906
1050469200	13.2344
1050555600	13.125
1050901200	13.1406
1050987600	13.5156
1051074000	13.5781
1051160400	13.4375
1051246800	13.3438
1051506000	13.8594
1051592400	14.0625
1051678800	14.2188
1051765200	14.3594
1051851600	14.4531
1052110800	16.0938
1052197200	17.5
1052283600	17.6563
1052370000	18
1052456400	18.2969
1052715600	18.5625
1052802000	18.6719
1052888400	18.5469
1052974800	18.7344
1053061200	18.7969
1053320400	18.0938
1053406800	17.7969
1053493200	17.8438
1053579600	18.2344
1053666000	18.3125
1054011600	18.875
1054098000	18.2813
1054184400	18.0938
1054270800	17.9531
1054530000	17.4531
1054616400	17.3125
1054702800	17.5938
1054789200	17.6406
1054875600	17.1563
1055134800	16.7969
1055221200	17.1875
1055307600	17.4531
1055394000	17.7656
1055480400	17.4219
1055739600	18.2656
1055826000	18.1875
1055912400	19.125
1055998800	19.1406
1056085200	19.2031
1056344400	19.0625
1056430800	18.7813
1056517200	19.0938
1056603600	19.2969
1056690000	18.7344
1056949200	19.0625
1057035600	19.0938
1057122000	19.2656
1057208400	19.125
1057554000	19.875
1057640400	20.4063
1057726800	19.8906
1057813200	19.5781
1057899600	19.8438
1058158800	19.9063
1058245200	19.6094
1058331600	19.875
1058418000	20.9063
1058504400	20.8594
1058763600	20.6094
1058850000	20.7969
1058936400	20.7969
1059022800	20.5156
1059109200	21.5469
1059368400	20.9844
1059454800	20.7188
1059541200	20.2813
1059627600	21.0781
1059714000	20.7344
1059973200	21.2031
1060059600	20.375
1060146000	19.625
1060232400	19.9375
1060318800	19.6406
1060578000	19.6563
1060664400	19.7031
1060750800	20.1875
1060837200	19.9688
1060923600	19.7031
1061182800	20.3438
1061269200	20.3125
1061355600	21.0156
1061442000	21.6875
1061528400	20.875
1061787600	20.8594
1061874000	21.0469
1061960400	21.4844
1062046800	22.1875
1062133200	22.6094
1062478800	22.8438
1062565200	22.9531
1062651600	22.8281
1062738000	22.5
1062997200	22.7344
1063083600	22.375
1063170000	22.1875
1063256400	22.5625
1063342800	23.0938
1063602000	22.2031
1063688400	22.3594
1063774800	22.125
1063861200	22.875
1063947600	22.5781
1064206800	22.0781
1064293200	22.4375
1064379600	21.3125
1064466000	20.4375
1064552400	20.6875
1064811600	21.2969
1064898000	20.7188
1064984400	20.7969
1065070800	20.5625
1065157200	21.6875
1065416400	22.2969
1065502800	23.2188
1065589200	23.0625
1065675600	23.4531
1065762000	23.6875
1066021200	24.3438
1066107600	24.5469
1066194000	24.8125
1066280400	23.25
1066366800	22.75
1066626000	23.2188
1066712400	23.1875
1066798800	22.7656
1066885200	22.9844
1066971600	22.5938
1067234400	22.5938
1067320800	23.7188
1067407200	23.6875
1067493600	23.0938
1067580000	22.8906
1067839200	23.1563
1067925600	22.9063
1068012000	23.0313
1068098400	23.125
1068184800	22.5
1068444000	21.9063
1068530400	21.5469
1068616800	22.3281
1068703200	22.4219
1068789600	21.4531
1069048800	21.125
1069135200	20.4063
1069221600	20.4219
1069308000	20.375
1069394400	20.2813
1069653600	21.1563
1069740000	20.6875
1069826400	20.7188
1069999200	20.9063
1070258400	21.7031
1070344800	21.5469
1070431200	21.0313
1070517600	21.1563
1070604000	20.8438
1070863200	21.0469
1070949600	20.4531
1071036000	20.375
1071122400	21.2031
1071208800	20.8906
1071468000	20.1719
1071554400	20.125
1071640800	19.875
1071727200	20.0469
1071813600	19.7031
1072072800	19.8438
1072159200	19.8125
1072245600	20.4063
1072418400	20.7813
1072677600	21.1563
1072764000	21.2813
1072850400	21.375
1073023200	21.2813
1073282400	22.1719
1073368800	22.0938
1073455200	22.5938
1073541600	23.3594
1073628000	23
1073887200	23.7344
1073973600	24.125
1074060000	24.2031
1074146400	22.8438
1074232800	22.7188
1074578400	22.7344
1074664800	22.6094
1074751200	22.1875
1074837600	22.5625
1075096800	23.0156
1075183200	23.0625
1075269600	22.5156
1075356000	22.6875
1075442400	22.5625
1075701600	22.3125
1075788000	22.2656
1075874400	21.7969
1075960800	22.4219
1076047200	22.7031
1076306400	22.6719
1076392800	22.9844
1076479200	23.7969
1076565600	23.7344
1076652000	23
1076997600	23.1563
1077084000	23.2656
1077170400	22.4688
1077256800	22.4063
1077516000	22.1875
1077602400	22.3594
1077688800	22.8125
1077775200	23.0469
1077861600	23.9219
1078120800	24.0156
1078207200	23.8125
1078293600	23.9219
1078380000	25.1563
1078466400	26.7344
1078725600	26
1078812000	27.0938
1078898400	27.6875
1078984800	27.1563
1079071200	27.5625
1079330400	26.4531
1079416800	25.8125
1079503200	26.1875
1079589600	25.6719
1079676000	25.8594
1079935200	25.8594
1080021600	25.2969
1080108000	25.5
1080194400	26.875
1080280800	27.0469
1080540000	27.9063
1080626400	27.9219
1080712800	27.0469
1080799200	27.1094
1080885600	27.5
1081141200	28.3125
1081227600	27.8281
1081314000	27.3125
1081400400	27.5313
1081746000	28.0469
1081832400	26.9375
1081918800	26.6406
1082005200	29.2969
1082091600	29.1875
1082350800	28.3438
1082437200	27.7344
1082523600	27.7344
1082610000	27.7813
1082696400	27.7031
1082955600	27.125
1083042000	26.9375
1083128400	26.4531
1083214800	26.7656
1083301200	25.7813
1083560400	26.0625
1083646800	26.1406
1083733200	26.6563
1083819600	26.5781
1083906000	26.6719
1084165200	26.2813
1084251600	27.1406
1084338000	27.2969
1084424400	27.1875
1084510800	27.0625
1084770000	26.6406
1084856400	27.0625
1084942800	26.4688
1085029200	26.7031
1085115600	27.1094
1085374800	27.3438
1085461200	28.4063
1085547600	28.5156
1085634000	28.1719
1085720400	28.0625
1086066000	28.0625
1086152400	28.9219
1086238800	28.4063
1086325200	28.7813
1086584400	29.8125
1086670800	30.3438
1086757200	30.2031
1086843600	30.7344
1087189200	30.125
1087275600	30.6875
1087362000	32.7344
1087448400	32.8125
1087534800	32.9063
1087794000	32.3281
1087880400	33
1087966800	33.7031
1088053200	33.1875
1088139600	33.7031
1088398800	32.4844
1088485200	32.5
1088571600	32.5469
1088658000	32.2969
1088744400	31.0781
1089090000	30.9531
1089176400	30.3906
1089262800	30.1406
1089349200	30.0313
1089608400	29.1406
1089694800	29.2188
1089781200	29.5781
1089867600	32.9375
1089954000	32.2031
1090213200	31.9688
1090299600	32.2031
1090386000	31.625
1090472400	31.6875
1090558800	30.7031
1090818000	31.2656
1090904400	32.4375
1090990800	32.2656
1091077200	32.6406
1091163600	32.3438
1091422800	31.5781
1091509200	31.2969
1091595600	31.7969
1091682000	31.3906
1091768400	29.7813
1092027600	30.2969
1092114000	31.5156
1092200400	31.0156
1092286800	30.375
1092373200	30.8438
1092632400	30.7813
1092718800	30.875
1092805200	31.7344
1092891600	30.7031
1092978000	30.7969
1093237200	31.0781
1093323600	31.9531
1093410000	33.0469
1093496400	34.6563
1093582800	34.3438
1093842000	34.125
1093928400	34.4844
1094014800	35.8594
1094101200	35.6563
1094187600	35.2344
1094533200	35.7656
1094619600	36.3438
1094706000	35.7031
1094792400	35.875
1095051600	35.5938
1095138000	35.4844
1095224400	35.2031
1095310800	36.3438
1095397200	37.1406
1095656400	37.7031
1095742800	38.0156
1095829200	36.9219
1095915600	37.2656
1096002000	37.2969
1096261200	37.5313
1096347600	38.0469
1096434000	38.6875
1096520400	38.75
1096606800	38.6719
1096866000	38.7969
1096952400	39.375
1097038800	40.6406
1097125200	39.625
1097211600	39.0625
1097470800	38.5938
1097557200	38.2969
1097643600	39.75
1097730000	44.9844
1097816400	45.5
1098075600	47.75
1098162000	47.4219
1098248400	47.4688
1098334800	47.9375
1098421200	47.4063
1098680400	47.5469
1098766800	47.9688
1098853200	50.2969
1098939600	52.1875
1099026000	52.4063
1099288800	52.4531
1099375200	53.5
1099461600	55.3125
1099548000	54.4531
1099634400	54.7188
1099893600	54.375
1099980000	54.0469
1100066400	54.75
1100152800	55.2969
1100239200	55.5
1100498400	55.2344
1100584800	54.9375
1100671200	54.9063
1100757600	55.3906
1100844000	55.1719
1101103200	61.3438
1101189600	61.2656
1101276000	64.0469
1101448800	64.5469
1101708000	68.4375
1101794400	67.0469
1101880800	67.7969
1101967200	65.2031
1102053600	62.6875
1102312800	65.7813
1102399200	62.8906
1102485600	63.2813
1102572000	63.9844
1102658400	65.1563
1102917600	64.9063
1103004000	65.2969
1103090400	65.2656
1103176800	66.5938
1103263200	64.9844
1103522400	62.7188
1103608800	63.6875
1103695200	63.75
1103781600	64.0156
1104127200	63.1563
1104213600	64.1875
1104300000	64.4375
1104386400	64.7969
1104472800	64.4063
1104732000	63.2969
1104818400	63.9375
1104904800	64.5
1104991200	64.5469
1105077600	69.25
1105336800	68.9531
1105423200	64.5625
1105509600	65.4531
1105596000	69.7969
1105682400	70.2031
1106028000	70.6563
1106114400	69.875
1106200800	70.4531
1106287200	70.4844
1106546400	70.7656
1106632800	72.0469
1106719200	72.25
1106805600	72.6406
1106892000	73.9844
1107151200	76.9063
1107237600	77.5313
1107324000	79.625
1107410400	77.8125
1107496800	78.8438
1107756000	78.9375
1107842400	80.9063
1107928800	78.7344
1108015200	78.3594
1108101600	81.2031
1108360800	84.625
1108447200	88.4063
1108533600	90.125
1108620000	87.8125
1108706400	86.8125
1109052000	85.2969
1109138400	88.2344
1109224800	88.9375
1109311200	88.9844
1109570400	44.8594
1109656800	44.5
1109743200	44.125
1109829600	41.7969
1109916000	42.8125
1110175200	42.75
1110261600	40.5313
1110348000	39.3438
1110434400	39.8281
1110520800	40.2656
1110780000	40.3125
1110866400	40.9531
1110952800	41.1875
1111039200	42.25
1111125600	42.9531
1111384800	43.7031
1111471200	42.8281
1111557600	42.5469
1111644000	42.5
1111989600	42.5313
1112076000	41.75
1112162400	42.7969
1112248800	41.6719
1112335200	40.8906
1112590800	41.0938
1112677200	41.8906
1112763600	42.3281
1112850000	43.5625
1112936400	43.7344
1113195600	41.9219
1113282000	42.6563
1113368400	41.0469
1113454800	37.2656
1113541200	35.3438
1113800400	35.625
1113886800	37.0938
1113973200	35.5156
1114059600	37.1875
1114146000	35.5
1114405200	36.9844
1114491600	36.1875
1114578000	35.9531
1114664400	35.5469
1114750800	36.0625
1115010000	36.4375
1115096400	36.2031
1115182800	37.1563
1115269200	36.6875
1115355600	37.2344
1115614800	36.9688
1115701200	36.4219
1115787600	35.6094
1115874000	34.125
1115960400	34.7656
1116219600	35.5469
1116306000	35.3594
1116392400	35.8438
1116478800	37.5469
1116565200	37.5469
1116824400	39.7656
1116910800	39.7031
1116997200	39.7813
1117083600	40.7344
1117170000	40.5625
1117515600	39.7656
1117602000	40.2969
1117688400	40.0469
1117774800	38.2344
1118034000	37.9219
1118120400	36.5469
1118206800	36.9219
1118293200	37.6563
1118379600	35.8125
1118638800	35.9063
1118725200	36
1118811600	37.125
1118898000	37.9844
1118984400	38.3125
1119243600	37.6094
1119330000	37.8594
1119416400	38.5469
1119502800	38.8906
1119589200	37.7656
1119848400	37.0938
1119934800	37.3125
1120021200	36.375
1120107600	36.8125
1120194000	36.5
1120539600	37.9844
1120626000	37.3906
1120712400	37.625
1120798800	38.25
1121058000	38.0938
1121144400	38.2344
1121230800	38.3438
1121317200	40.75
1121403600	41.5469
1121662800	41.4844
1121749200	43.1875
1121835600	43.625
1121922000	43.2969
1122008400	44
1122267600	43.8125
1122354000	43.625
1122440400	43.9844
1122526800	43.7969
1122613200	42.6563
1122872400	42.75
1122958800	43.1875
1123045200	43.2188
1123131600	42.7031
1123218000	42.9844
1123477200	42.6563
1123563600	43.8125
1123650000	43.375
1123736400	44
1123822800	46.0938
1124082000	47.6875
1124168400	46.25
1124254800	47.1563
1124341200	46.2969
1124427600	45.8281
1124686800	45.875
1124773200	45.7344
1124859600	45.7656
1124946000	46.0625
1125032400	45.7344
1125291600	45.8438
1125378000	46.5625
1125464400	46.8906
1125550800	46.2656
1125637200	46.2188
1125982800	48.7969
1126069200	48.6875
1126155600	49.7813
1126242000	51.3125
1126501200	51.4063
1126587600	50.8125
1126674000	49.6094
1126760400	49.875
1126846800	51.2031
1127106000	52.6406
1127192400	53.1875
1127278800	52.1094
1127365200	51.9063
1127451600	53.2031
1127710800	53.8438
1127797200	53.4375
1127883600	51.0781
1127970000	52.3438
1128056400	53.6094
1128315600	54.4375
1128402000	53.75
1128488400	52.7813
1128574800	51.7031
1128661200	51.2969
1128920400	50.375
1129006800	51.5938
1129093200	49.25
1129179600	53.7344
1129266000	54
1129525200	53.4375
1129611600	52.2031
1129698000	54.9375
1129784400	56.1406
1129870800	55.6563
1130130000	56.7969
1130216400	56.0938
1130302800	57.0313
1130389200	55.4063
1130475600	54.4688
1130738400	57.5938
1130824800	57.5
1130911200	59.9531
1130997600	61.8438
1131084000	61.1563
1131343200	60.2344
1131429600	59.9063
1131516000	60.1094
1131602400	61.1875
1131688800	61.5469
1131948000	61.4531
1132034400	62.2813
1132120800	64.9531
1132207200	64.5156
1132293600	64.5625
1132552800	64.9531
1132639200	66.5156
1132725600	67.1094
1132898400	69.3438
1133157600	69.6563
1133244000	68.0938
1133330400	67.8125
1133416800	71.5938
1133503200	72.625
1133762400	71.8125
1133848800	74.0469
1133935200	73.9531
1134021600	74.0781
1134108000	74.3281
1134367200	74.9063
1134453600	74.9844
1134540000	72.0156
1134626400	72.1875
1134712800	71.1094
1134972000	71.375
1135058400	72.1094
1135144800	73.5
1135231200	74.0156
1135317600	73.3438
1135663200	74.2344
1135749600	73.5625
1135836000	71.4531
1135922400	71.8906
1136268000	74.75
1136354400	74.9688
1136440800	74.375
1136527200	76.2969
1136786400	76.0469
1136872800	80.8594
1136959200	83.9063
1137045600	84.2969
1137132000	85.5938
1137477600	84.7031
1137564000	82.4844
1137650400	79.0469
1137736800	76.0938
1137996000	77.6719
1138082400	76.0469
1138168800	74.2031
1138255200	72.3281
1138341600	72.0313
1138600800	75
1138687200	75.5156
1138773600	75.4219
1138860000	72.0938
1138946400	71.8438
1139205600	67.2969
1139292000	67.5938
1139378400	68.8125
1139464800	64.9531
1139551200	67.3125
1139810400	64.7031
1139896800	67.6406
1139983200	69.2188
1140069600	70.5625
1140156000	70.2969
1140501600	69.0781
1140588000	71.3125
1140674400	71.75
1140760800	71.4531
1141020000	70.9844
1141106400	68.4844
1141192800	69.0938
1141279200	69.6094
1141365600	67.7188
1141624800	65.4844
1141711200	66.3125
1141797600	65.6563
1141884000	63.9375
1141970400	63.1875
1142229600	65.6875
1142316000	67.3125
1142402400	66.2344
1142488800	64.3125
1142575200	64.6563
1142834400	63.9844
1142920800	61.8125
1143007200	61.6719
1143093600	60.1563
1143180000	59.9531
1143439200	59.5156
1143525600	58.7031
1143612000	62.3281
1143698400	62.75
1143784800	62.7188
1144040400	62.6563
1144126800	61.1719
1144213200	67.2031
1144299600	71.2344
1144386000	69.7969
1144645200	68.6719
1144731600	67.9844
1144818000	66.7031
1144904400	66.4688
1145250000	64.8125
1145336400	66.2188
1145422800	65.6563
1145509200	67.625
1145595600	67.0469
1145854800	65.75
1145941200	66.1719
1146027600	68.1563
1146114000	69.3594
1146200400	70.3906
1146459600	69.5938
1146546000	71.625
1146632400	71.1406
1146718800	71.125
1146805200	71.8906
1147064400	71.8906
1147150800	71.0313
1147237200	70.5938
1147323600	68.1563
1147410000	67.7031
1147669200	67.7969
1147755600	64.9844
1147842000	65.2656
1147928400	63.1875
1148014800	64.5156
1148274000	63.375
1148360400	63.1563
1148446800	63.3438
1148533200	64.3281
1148619600	63.5469
1148965200	61.2188
1149051600	59.7656
1149138000	62.1719
1149224400	61.6563
1149483600	60
1149570000	59.7188
1149656400	58.5625
1149742800	60.7656
1149829200	59.2344
1150088400	57
1150174800	58.3281
1150261200	57.6094
1150347600	59.375
1150434000	57.5625
1150693200	57.2031
1150779600	57.4688
1150866000	57.8594
1150952400	59.5781
1151038800	58.8281
1151298000	58.9844
1151384400	57.4375
1151470800	56.0156
1151557200	58.9688
1151643600	57.2656
